00_no	01_tstop	10_spa_pol_dif	11_spa_pol_tes	20_ang_seg_dif	21_ang_seg_tes	30_len_seg_dif	31_len_seg_tes	22_course_seg1	23_course_seg2	32_len_seg1	33_len_seg2
0	0.0	3.080020996588883	0	nan	nan	nan	nan	nan	nan	nan	nan
1	10.0	1.1789780715118492	0	nan	nan	1.0961851623054866	0	98.7616384223	317.905412915	1.8646867964967404	0.768501634191254
2	20.0	2.6518793211637584	0	101.87501125341998	0	1.7901085075634389	0	-62.44383090957999	39.43118034384	3.2918822931761658	1.501773785612727
3	30.0	1.2994941926563437	0	128.7507706435	0	0.7798868675393249	0	92.2005280465	-36.55024259699999	1.9761147379270099	2.7560016054663348
4	40.0	6.105374347249766	0	31.299042656300003	0	1.8130781516300853	0	-16.08364257330001	15.215400082999992	2.8163868193386588	4.629464970968744
5	50.0	6.788319603666374	1	92.72399001190001	0	4.0541584141548785	0	-29.181761119000015	63.5422288929	6.196125633664609	2.1419672195097306
6	60.0	4.159621900080581	1	7.925520201799998	0	10.653621670992345	1	28.616422325499997	36.541942527299994	2.7784351474119346	13.43205681840428
7	70.0	2.3665978805812258	0	64.44694290659999	0	1.9138115225058523	0	40.63004869349999	-23.8168942131	3.2552455365647917	1.3414340140589394
8	80.0	3.190323256721108	0	150.92654996073998	0	1.2114612438291654	0	-58.695277255739995	92.231272705	1.27119705152716	2.4826582953563254
9	90.0	4.262433520377067	0	52.46528922110005	0	2.4988652761184085	0	31.960115938200005	-20.505173282900046	4.116304581926552	1.617439305808143
10	100.0	5.454709516094788	0	48.88670076509996	0	3.5294323110531813	0	27.546854655599986	-21.339846109499973	6.01414137985728	2.484709068804099
11	110.0	5.604936267850672	0	23.494110009299987	0	7.938009886391983	0	12.95898233669999	-10.535127672599998	6.735008112534448	14.673017998926431
12	120.0	1.7665336469589434	0	21.999663000699968	0	5.976140969453791	0	-15.8249050023	-37.82456800299997	8.58792720304416	2.6117862335903688
13	130.0	4.703026269690905	0	17.376320535199994	0	0.3929938476621393	0	12.23487638520001	-5.141444149999984	5.072890783171889	5.4658846308340285
14	140.0	10.28245142849356	0	82.19195371200001	0	5.483388872396684	0	-39.66323527099999	-121.855188983	7.010521862326592	1.527132989929908
15	150.0	16.10996588945696	1	130.2384244326	0	5.941031191125598	0	-150.481329374	-20.242904941400013	8.964115364618596	14.905146555744194
16	160.0	8.177111683364874	0	134.44621719859998	0	1.1881751204531446	0	-5.558107113600016	-140.0043243122	4.211037174617715	5.39921229507086
17	170.0	2.8752763554823284	0	66.07643060269999	0	1.3025481989440415	0	12.113593429299982	-53.962837173400004	4.1918140937312165	5.494362292675258
18	180.0	8.017721149414042	0	174.5359979861	0	3.734909555652978	0	-35.3579989701	139.177999016	9.432894481954998	5.69798492630202
19	190.0	5.301812584381774	1	57.704774057700035	0	4.36242960631557	0	-22.15322431070001	35.551549747000024	1.3196181336689026	5.682047739984473
20	200.0	3.1546547293044	0	31.407284712890032	0	4.880987598237121	0	77.33367758300002	45.92639287010999	3.0933897177769554	7.974377316014077
21	210.0	3.5111078843123935	0	46.31684784479998	0	2.028745035261161	0	65.1748664673	111.49171431209999	4.239285713324616	6.268030748585777
22	220.0	3.648810052691948	0	66.32340371799998	0	5.843604503739918	0	12.626402229999997	-53.697001487999984	5.832521160277295	11.676125664017214
23	230.0	3.230916600356667	0	49.40351428601001	0	4.202564069297205	0	22.042347157889992	71.4458614439	6.639680410354924	2.437116341057719
24	240.0	0.20918346198552876	0	23.816279411100027	0	3.2234148894508072	0	39.5622145735	15.745935162399974	5.268793334490444	8.492208223941251
25	250.0	3.7970721139447865	0	33.37431746569999	0	2.062585853505822	0	22.641194894299986	-10.733122571400003	4.177241181636783	6.239827035142605
26	260.0	2.3079464016173876	0	117.75318170536	0	0.38834597984150854	0	-50.34164045896	67.4115412464	1.2915173365087802	1.6798633163502887
27	270.0	2.5582325275653166	0	94.147157859	0	0.45491199325352394	0	-18.78635164299999	-112.93350950199999	4.420382999907582	4.875294993161106
28	280.0	5.381406038132794	0	52.136210534999975	0	1.8391454446898265	0	0.3302230580000014	-51.805987476999974	7.234203297467541	5.395057852777715
29	290.0	9.747777952340344	1	26.73207026000003	0	1.623111087749734	0	-29.061236677999972	-55.793306938	2.560412719940772	4.183523807690506
30	300.0	6.435758497686366	0	172.761880947	0	7.974973964452021	0	-66.80114048799999	120.436978565	1.2366526926669734	9.211626657118995
31	310.0	7.571835545244096	0	14.294929740300006	0	0.18188599637833303	0	12.940287203300016	-1.3546425369999895	5.450278036096594	5.268392039718261
32	320.0	10.5050536899222	1	108.90567200969997	0	11.847968806824067	0	18.343047705700002	-90.56262430399997	13.51849419138622	1.6705253845621528
