00_no	01_tstop	10_spa_pol_dif	11_spa_pol_tes	20_ang_seg_dif	21_ang_seg_tes	30_len_seg_dif	31_len_seg_tes	22_course_seg1	23_course_seg2	32_len_seg1	33_len_seg2
0	0.0	5.147335987512224	0	nan	nan	nan	nan	nan	nan	nan	nan
1	10.0	7.001796297426207	1	nan	nan	0.8161605555610272	0	285.020779667	77.8897393654	1.3616050844405654	2.1777656400015926
2	20.0	6.180885121529476	0	170.87375047330002	0	0.8169389443726365	0	123.2517817197	-47.621968753600015	4.066159402442237	3.2492204580696002
3	30.0	3.629579311648592	0	107.51717069659999	0	0.10955289997333595	0	55.60199635740001	163.119167054	1.5999677253451032	1.7095206253184392
4	40.0	6.05879741900248	1	44.17952569899998	0	3.2576549669748127	0	-107.147267209	-62.967741510000025	1.5393184649983633	4.796973431973176
5	50.0	1.2718160782072718	0	150.98197492409997	0	1.5236538880764936	0	73.7897937579	-135.22823131800004	5.534146234663954	4.01049234658746
6	60.0	1.8415932399735546	0	92.74538163900007	0	0.18825885282851396	0	-55.18113608400003	37.56424555500004	1.0198363131861112	0.8315774603575973
7	70.0	4.279312576808031	0	168.12385382799997	0	1.525024532144414	0	-172.998402938	-4.874549110000032	3.042380700643371	1.517356168498957
8	80.0	10.420166527859328	1	7.173839974000003	0	1.193131896671746	0	-53.64195597700001	-46.468116003000006	3.5610679512912453	4.754199847962991
9	90.0	10.047848832386682	1	131.869551843	0	0.5152240276295197	0	36.478605023	168.348156866	1.2967224758577895	1.8119465034873092
10	100.0	1.2762801180265497	0	136.81216015400005	0	1.3242149219289638	0	166.74843882600004	29.936278671999986	4.849655764166361	6.1738706860953245
11	110.0	3.273086947537739	0	97.499049835	0	0.9169376621978649	0	178.692883852	81.193834017	2.3454718853835104	3.2624095475813752
12	140.0	7.245046083032935	0	83.62199707053998	0	4.607143063893531	0	-100.04317267226003	176.3348302572	13.04983191664478	8.44268885275125
13	150.0	12.560642580785064	1	60.784796588000034	0	2.0125415363127503	0	-76.35126228999997	-137.136058878	7.189766370817142	9.202307907129892
14	160.0	12.10834501360004	1	38.476462161	0	6.083226571851517	0	-25.496810245999995	12.979651915000005	10.081024531619581	3.997797959768065
15	170.0	10.37200355541264	0	12.360847335000017	0	0.5933010795512326	0	-19.034281257000032	-6.673433922000015	6.3269468848327195	5.733645805281487
16	180.0	9.760157963905462	1	24.981723294000034	0	6.820385389362278	0	-25.95620106999999	-50.937924364000025	12.992891012916601	6.172505623554323
17	190.0	12.255443736761446	1	51.72246595920001	0	2.7643771916828	0	1.7974272550000023	-49.925038704200006	4.478440669969207	1.7140634782864073
18	200.0	1.7537566430887312	0	14.629352581419994	0	10.337010607266535	0	118.2843531776	132.91370575902	1.6520482941912484	11.989058901457783
19	210.0	2.4811301421070935	0	9.149711021200005	0	1.161452891661698	0	20.217200883299995	29.3669119045	6.241009729845114	7.402462621506812
20	220.0	2.885134809447417	0	41.01754563409999	0	2.877220158364893	0	13.385562397499996	54.403108031599984	7.535248069920304	10.412468228285197
21	230.0	2.856900863351253	0	47.8055184072	0	3.427293456681092	0	1.9766609747999837	49.78217938199998	6.922576248180346	3.4952827914992537
22	240.0	9.550764127295793	1	12.893951858899982	0	7.543829700516295	0	4.870723678899992	-8.02322817999999	3.379951013217835	10.92378071373413
23	250.0	10.969351631633828	1	93.3073581356	0	1.7696208005651637	0	88.89337636800002	-4.413981767599978	0.7898145160772484	2.559435316642412
24	260.0	4.136227638679095	0	80.610201459	0	5.345655009320821	0	-30.153140538999992	-110.76334199799999	6.219671168906102	0.8740161595852812
25	270.0	7.7541709511842685	1	165.645518144	0	4.241381155710581	0	-84.17042839359999	81.47508975039999	1.1034783028565278	5.344859458567108
26	280.0	12.992318686037926	1	19.470134521429998	0	2.3546220903546775	0	-19.33131677442998	0.1388177470000187	4.285368490938396	6.639990581293073
27	290.0	14.686824005256382	1	23.726919202220017	0	2.0975590894896654	0	-13.720499141999994	-37.44741834422001	4.44747576993188	2.3499166804422145
28	300.0	15.266020453648945	1	4.801459416499995	0	0.3588512134617121	0	24.271534334400002	29.072993750899997	0.6993831008881712	1.0582343143498834
29	310.0	17.30984083257232	1	157.92156198723	0	4.968317152468089	0	-11.902419564230001	146.019142423	5.996101549449638	1.0277843969815494
30	320.0	16.594665272278135	1	119.05850118357	0	2.050264798528162	0	-2.5783076173800055	116.48019356619	9.587714297480114	7.537449498951951
31	330.0	6.882312664211983	0	0.9260096157999556	0	20.31993120767677	0	40.30036702220002	41.22637663799998	4.414819351219395	24.734750558896167
32	340.0	7.262612038263635	0	3.124537274699975	0	5.51389764314098	0	38.1018393633	41.22637663799998	5.51389764314098	0.0
33	400.0	0.8004481655902393	0	100.71226384799996	0	7.783094502683117	0	-123.33461721700002	135.95311893500002	27.575728480255723	19.792633977572606
34	410.0	6.402585335498379	0	39.444271535999974	0	0.7435476184248433	0	-161.012236156	159.543492308	8.872972950633658	8.129425332208815
35	420.0	9.312929128022647	0	37.23871483100001	0	6.0660889384783605	0	-22.19181212800001	15.046902703	8.42805250870309	14.49414144718145
36	430.0	5.938137146345141	0	18.51066031900004	0	1.8644234330103178	0	-20.910082690000024	-2.399422370999986	13.735198260575853	11.870774827565535
