00_no	01_tstop	10_spa_pol_dif	11_spa_pol_tes	20_ang_seg_dif	21_ang_seg_tes	30_len_seg_dif	31_len_seg_tes	22_course_seg1	23_course_seg2	32_len_seg1	33_len_seg2
0	0.0	5.147335987512224	0	nan	nan	nan	nan	nan	nan	nan	nan
1	10.0	7.001796297426207	1	nan	nan	0.8161605555610272	0	285.020779667	77.8897393654	1.3616050844405654	2.1777656400015926
2	20.0	6.180885121529476	0	170.87375047330002	0	0.8169389443726365	0	123.2517817197	-47.621968753600015	4.066159402442237	3.2492204580696002
3	30.0	3.629579311648592	0	107.51717069659999	0	0.10955289997333595	0	55.60199635740001	163.119167054	1.5999677253451032	1.7095206253184392
4	40.0	6.05879741900248	1	44.17952569899998	0	3.2576549669748127	0	-107.147267209	-62.967741510000025	1.5393184649983633	4.796973431973176
5	50.0	1.2718160782072718	0	150.98197492409997	0	1.5236538880764936	0	73.7897937579	-135.22823131800004	5.534146234663954	4.01049234658746
6	60.0	1.8415932399735546	0	92.74538163900007	0	0.18825885282851396	0	-55.18113608400003	37.56424555500004	1.0198363131861112	0.8315774603575973
7	70.0	4.279312576808031	0	168.12385382799997	0	1.525024532144414	0	-172.998402938	-4.874549110000032	3.042380700643371	1.517356168498957
8	80.0	10.420166527859328	1	7.173839974000003	0	1.193131896671746	0	-53.64195597700001	-46.468116003000006	3.5610679512912453	4.754199847962991
9	90.0	10.047848832386682	1	131.869551843	0	0.5152240276295197	0	36.478605023	168.348156866	1.2967224758577895	1.8119465034873092
10	100.0	1.2762801180265497	0	136.81216015400005	0	1.3242149219289638	0	166.74843882600004	29.936278671999986	4.849655764166361	6.1738706860953245
11	110.0	3.273086947537739	0	97.499049835	0	0.9169376621978649	0	178.692883852	81.193834017	2.3454718853835104	3.2624095475813752
12	120.0	4.963262014795146	1	143.6983697893	0	0.9484209146567726	0	-40.226703877600016	176.0749263331	3.7810457753146016	2.832624860657829
13	130.0	4.834246053325888	1	3.099304112899972	0	1.543285018867877	0	-3.4427804184999786	-0.3434763056000065	1.2807640742208455	2.8240490930887225
14	140.0	7.245046083032935	0	80.05595049440001	0	8.502777821897887	0	-78.58020887500001	1.4757416193999973	11.289302074069887	2.7865242521719997
15	150.0	12.560642580785064	1	84.36376361200001	0	2.0125415363127503	0	-53.64737386099998	-138.011137473	7.189766370817142	9.202307907129892
16	160.0	12.10834501360004	1	38.476462161	0	6.083226571851517	0	-25.496810245999995	12.979651915000005	10.081024531619581	3.997797959768065
17	170.0	10.37200355541264	0	12.360847335000017	0	0.5933010795512326	0	-19.034281257000032	-6.673433922000015	6.3269468848327195	5.733645805281487
18	180.0	9.760157963905462	1	24.981723294000034	0	6.820385389362278	0	-25.95620106999999	-50.937924364000025	12.992891012916601	6.172505623554323
19	190.0	12.255443736761446	1	51.72246595920001	0	2.7643771916828	0	1.7974272550000023	-49.925038704200006	4.478440669969207	1.7140634782864073
20	200.0	1.7537566430887312	0	14.629352581419994	0	10.337010607266535	0	118.2843531776	132.91370575902	1.6520482941912484	11.989058901457783
21	210.0	2.4811301421070935	0	9.149711021200005	0	1.161452891661698	0	20.217200883299995	29.3669119045	6.241009729845114	7.402462621506812
22	220.0	2.885134809447417	0	41.01754563409999	0	2.877220158364893	0	13.385562397499996	54.403108031599984	7.535248069920304	10.412468228285197
23	230.0	2.856900863351253	0	47.8055184072	0	3.427293456681092	0	1.9766609747999837	49.78217938199998	6.922576248180346	3.4952827914992537
24	240.0	9.550764127295793	1	12.893951858899982	0	7.543829700516295	0	4.870723678899992	-8.02322817999999	3.379951013217835	10.92378071373413
25	250.0	10.969351631633828	1	93.3073581356	0	1.7696208005651637	0	88.89337636800002	-4.413981767599978	0.7898145160772484	2.559435316642412
26	260.0	4.136227638679095	0	80.610201459	0	5.345655009320821	0	-30.153140538999992	-110.76334199799999	6.219671168906102	0.8740161595852812
27	270.0	7.7541709511842685	1	165.645518144	0	4.241381155710581	0	-84.17042839359999	81.47508975039999	1.1034783028565278	5.344859458567108
28	280.0	12.992318686037926	1	19.470134521429998	0	2.3546220903546775	0	-19.33131677442998	0.1388177470000187	4.285368490938396	6.639990581293073
29	290.0	14.686824005256382	1	23.726919202220017	0	2.0975590894896654	0	-13.720499141999994	-37.44741834422001	4.44747576993188	2.3499166804422145
30	300.0	15.266020453648945	1	4.801459416499995	0	0.3588512134617121	0	24.271534334400002	29.072993750899997	0.6993831008881712	1.0582343143498834
31	310.0	17.30984083257232	1	157.92156198723	0	4.968317152468089	0	-11.902419564230001	146.019142423	5.996101549449638	1.0277843969815494
32	320.0	10.301479336631067	1	151.60754804757005	0	5.82514797072764	0	-2.5783076173800055	149.02924043019004	9.587714297480114	15.412862268207753
33	330.0	6.882312664211983	0	40.19444474320002	0	10.953682617925594	0	40.30036702220002	0.10592227899999784	4.414819351219395	15.36850196914499
34	340.0	7.262612038263635	0	37.995917084300004	0	5.51389764314098	0	38.1018393633	0.10592227899999784	5.51389764314098	0.0
35	350.0	11.593398613256493	1	8.440581351999981	0	1.983616596760585	0	156.50310108999997	148.062519738	2.1974056816178895	4.1810222783784745
36	360.0	16.333459339737516	1	2.8814767301999495	0	2.199662989013791	1	-2.0428903671999876	0.8385863629999619	2.091749545311952	4.291412534325743
37	370.0	21.794240361780854	1	2.5362366850999933	0	0.17457365219735976	0	1.3841949451000062	-1.1520417399999872	4.388850706367736	4.214277054170377
38	380.0	16.97031227744188	1	95.11540265849999	0	4.930105270014479	0	96.7498265415	1.6344238830000108	9.184002448946755	4.2538971789322755
39	390.0	12.039768575950726	1	2.3122624569999743	0	5.013893669846631	1	0.48682234300000005	-1.8254401139999743	9.231863519154023	4.2179698493073925
40	400.0	0.8004481655902393	0	113.85211492099998	1	4.532510349922449	0	1.4083926609999935	-112.44372225999999	9.064237467048889	4.53172711712644
41	410.0	6.402585335498379	0	82.14714195570002	0	0.7435476184248433	0	179.013965236	-98.83889280829999	8.872972950633658	8.129425332208815
42	420.0	9.312929128022647	0	37.23871483100001	0	6.0660889384783605	0	-22.19181212800001	15.046902703	8.42805250870309	14.49414144718145
43	430.0	5.938137146345141	0	18.51066031900004	0	1.8644234330103178	0	-20.910082690000024	-2.399422370999986	13.735198260575853	11.870774827565535
