> 1. time window length: 20 m.y.; step: 10.0 m.y.
312.1599874930281	-82.510665498357611	0	5.512532218083753	5.512532218083753	0	193.62909954092387	5	0.	13.8
327.21288653264224	-81.77501314335754	10	5.1691682363889981	5.1691682363889981	0	137.33253554388889	7	0.	14.
331.57105709073306	-78.609453387425603	20	7.5999164459318527	7.5999164459318527	0	147.12683825920504	4	5.3	30.
332.60120275955046	-80.308622362045966	30	21.058450424056034	21.058450424056034	0	142.74612806114075	2	18.	45.
2.	-80.8	40	4.2	4.2	0	25.	1	23.	45.
346.19563849644976	-78.001809601179417	50	4.6589892527072783	4.6589892527072783	0	142.31885020511615	8	44.	65.
346.13406677549193	-77.170337371942551	60	3.0375543545795542	3.0375543545795542	0	187.22840286152015	13	44.	65.
345.5196502695884	-75.659838960703524	70	3.1098359411552732	3.1098359411552732	0	377.76288466015387	7	53.	83.
333.16568221565939	-72.319674267208669	80	3.8658463036238064	3.8658463036238064	0	565.85446899215185	4	60.	97.
338.12505414274534	-73.391671882917294	90	6.2210532894515316	6.2210532894515316	0	219.09940212092775	4	74.	98.
352.03634140779366	-78.609724749963732	100	14.266958088845371	14.266958088845371	0	308.52165053551391	2	88.	125.
338.4	-80.8	110	2.5	2.5	0	25.3	1	95	125
349.8	-78.8	120	0	0	0	1E10	0	110	130
357.5	-76.5	130	0	0	0	1E10	0	120	140
3.1000061	-74.09999847	140	4.099999905	3.099999905	-89.0244109706	15.8	1	137	142
328.4893897068838	-74.665263279462692	150	5.0291785285060158	5.0291785285060158	0	178.45311500504056	6	137.	176.
316.47427116479287	-72.530456463008647	160	5.6893425556311499	5.6893425556311499	0	139.64925816007744	6	144.	176.
302.67528991587494	-68.999863146866886	170	14.39436769353148	14.39436769353148	0	74.402906707202376	3	154.	185.
285.45569179373729	-68.8560780003464	180	6.6353110177089025	6.6353110177089025	0	346.24267767123558	3	173.	192.3
281.65887985015979	-69.930348444328118	190	12.225599208263997	12.225599208263997	0	57.447151147685055	4	174.5	208.
283.96902381498774	-57.982143445485583	200	10.924247486518551	10.924247486518551	0	38.567917711192976	6	188.	217.7
290.48728339250897	-51.595896456477853	210	6.6936280231565206	6.6936280231565206	0	131.63100350956293	5	195.	217.7
306.35396387451289	-49.078570170690249	220	3.3960649826971121	3.3960649826971121	0	732.94761995015438	4	204.	228.
311.14785861782667	-50.718119137141151	230	5.7785814820143999	5.7785814820143999	0	135.39837768098971	6	215.	245.
328.51077639479718	-52.870987827686534	240	7.0652716751798179	7.0652716751798179	0	62.42397607232315	8	227.	263.
332.74604275512957	-52.795288169296676	250	3.6806494068618978	3.6806494068618978	0	101.41016491749299	16	241.	270.
332.16540510926899	-51.996298948014996	260	2.7594584193341549	2.7594584193341549	0	140.86745454929778	20	245.	290.
339.05627701433934	-48.935814708651321	270	3.2719602041610312	3.2719602041610312	0	128.06791698136857	16	238.	290.
346.47626242012313	-44.651439888486429	280	2.3540449099748919	2.3540449099748919	0	130.16228968560344	29	238.	300.
347.01428390372138	-42.33414812845578	290	1.7229901682892514	1.7229901682892514	0	146.64730979066397	47	241.	350.
347.89289850730319	-41.502004021028114	300	2.2624577199780691	2.2624577199780691	0	151.82153627297754	27	241.	350.
347.79849495579094	-42.527392579695587	310	6.3129781413821249	6.3129781413821249	0	113.59913732346155	6	298.	323.
339.9	-28.5	320	0	0	0	1E10	0	310	330
333.94871245325788	-14.157869373775283	330	8.2768301631927876	8.2768301631927876	0	912.56575806549358	2	327.	342.
333.94871245325788	-14.157869373775283	340	8.2768301631927876	8.2768301631927876	0	912.56575806549358	2	327.	342.
331.7	-10.6	350	0	0	0	1E10	0	340	360
329.5	-6.9	360	0	0	0	1E10	0	350	370
327.3	-3.3	370	0	0	0	1E10	0	360	380
325.2	.4	380	0	0	0	1E10	0	370	390
323	4	390	14.9	11	111.9698047163	1E3	1	393.	398.8
320.3319559933442	.33520652346252955	400	8.161250173633448	8.161250173633448	0	229.22747432275554	3	393.	419.
327.57273407863477	-3.367999741427822	410	9.996282241459931	9.99628224145993199	0	37.418808866526092	7	400.	429.6
338.57313854056173	-12.949730498649245	420	7.332593552353549	7.33259355235354977	0	26.278577476819301	16	400.	443.7
348.50407445153536	-20.049882070983635	430	3.286026480741659	3.28602648074165955	0	217.09103888511149	10	400.	443.7
