-18.096192344	-88.0435783633	0	2.84021800181	2.84021800181	355.747345667	259.4000854	11	nan	nan
-45.1737688353	-88.3714139581	4	2.41847861022	2.41847861022	355.266100943	271.0943437	14	nan	nan
-72.7772040857	-86.6586644148	8	3.4341787035	3.4341787035	355.807654874	381.6279692	6	nan	nan
-7.13715981181	-88.0516425254	12	10.3676422616	10.3676422616	357.583692581	142.4437504	3	nan	nan
107.70492662	-83.8672731962	16	18.6	13.5	68.1615038429	51.9	1	14	17
-24.9236438752	-85.237005988	20	7.03945070543	7.03945070543	356.880124107	119.106511	5	nan	nan
-32.0083735832	-84.0482552963	24	4.96275754645	4.96275754645	356.795460146	148.9133129	7	nan	nan
-44.6406957569	-81.6735803789	28	2.85426751362	2.85426751362	356.838095075	1037.212544	4	nan	nan
-32.1626762431	-83.9975197106	32	7.871365386	7.871365386	356.991268345	246.343239	3	nan	nan
-22.4165134937	-83.8192052659	36	7.07933025858	7.07933025858	357.631151067	117.7790402	5	nan	nan
-22.726155051	-83.8646804257	40	6.9932457706	6.9932457706	357.805907831	92.74872092	6	nan	nan
-32.5227109176	-83.5977619435	44	6.04984934612	6.04984934612	357.480010265	100.51591	7	nan	nan
-27.3271924092	-83.3023418162	48	4.60536276561	4.60536276561	357.936740415	125.9409254	9	nan	nan
-8.87841297284	-77.1824536669	52	6.03956881623	6.03956881623	359.930178003	64.93996165	10	nan	nan
-2.66843005829	-72.4112620807	56	5.47372247071	5.47372247071	1.74194995258	89.43090631	9	nan	nan
-2.80298349185	-78.3029660801	60	5.66954866858	5.66954866858	1.08054654685	65.81993493	11	nan	nan
-9.34616461102	-81.4410709346	64	6.58122168933	6.58122168933	0.677777906186	71.79891222	8	nan	nan
-13.4034958101	-79.4417082239	68	11.7425675745	11.7425675745	0.588455743529	111.2717942	3	nan	nan
-10.8485723415	-80.7300985902	72	13.6398661423	13.6398661423	0.594333970415	82.74197724	3	nan	nan
12.7209096507	-80.1072118222	76	11.5328912219	11.5328912219	1.96336411354	44.97029087	5	nan	nan
26.6088667024	-80.4828458568	80	14.2241152848	14.2241152848	2.61606158842	42.69056681	4	nan	nan
11.6528792732	-82.2897714466	84	26.7140051884	26.7140051884	1.34675817361	89.50258869	2	nan	nan
11.1201090815	-78.6898718224	96	6.62687148077	6.62687148077	1.61099451272	1422.389895	2	nan	nan
-14.3978375067	-78.8236567133	100	13.141908846	13.141908846	359.752906025	89.04965712	3	nan	nan
-14.6752774256	-78.7648148421	104	13.141908846	13.141908846	359.752906025	89.04965712	3	nan	nan
-7.46576048385	-78.1739903344	108	13.1777450769	13.1777450769	0.268224027731	361.2712647	2	nan	nan
0.501145111677	-79.8041360702	112	7.38358563443	7.38358563443	0.735011355909	279.8228161	3	nan	nan
12.9898409488	-81.8969952774	116	5.54094029331	5.54094029331	1.5192278015	496.0624237	3	nan	nan
13.5158101302	-77.4279642067	120	5.41301537957	5.41301537957	1.78040787073	200.7789778	5	nan	nan
14.1955745694	-77.3056145699	124	4.25542113216	4.25542113216	1.84549328398	248.8729986	6	nan	nan
30.0302878456	-75.859999789	128	13.5581030604	13.5581030604	3.25612270116	341.4011709	2	nan	nan
40.8882614387	-74.4713860012	132	5.6	4.3	201.961209283	180	1	125	140
35.9278775212	-64.7631588351	140	3.8	3.8	5.64776541049	550	1	138	146
28.3502279933	-68.0892910286	144	19.7095112698	19.7095112698	4.40969834863	162.656367	2	nan	nan
7.23453153413	-68.6048851126	148	17.7304486618	17.7304486618	2.53756989409	27.81962341	4	nan	nan
-3.66212148162	-67.7334116541	152	15.25607187	15.25607187	1.79674280405	37.23674581	4	nan	nan
-3.20921426976	-65.2030831144	156	6.5	4	190.293601685	549.4	1	151	161
-1.939467579	-63.0848089364	160	9.59263824074	9.59263824074	2.80696417764	679.9185926	2	nan	nan
-17.0384376873	-63.9417294221	164	15.0214649248	15.0214649248	1.50969445289	68.40666542	3	nan	nan
-42.5135061763	-65.2116980562	168	15.6685629356	15.6685629356	359.872705292	35.35214734	4	nan	nan
-42.4988701889	-65.2036012539	172	15.6685629356	15.6685629356	359.872705292	35.35214734	4	nan	nan
-54.8783015361	-56.1440355337	176	24.8599566407	24.8599566407	1.70285116659	103.0232038	2	nan	nan
-72.8500998641	-62.9380861549	180	30.7928748739	30.7928748739	0.426506213812	67.88714943	2	nan	nan
-75.3786216682	-59.9335011401	184	6.89432041484	6.89432041484	1.24834819637	124.133474	5	nan	nan
-77.2549991862	-61.0812416316	188	5.9460565723	5.9460565723	1.0719788683	166.5568767	5	nan	nan
-77.9546349906	-63.5437817812	192	6.60121293868	6.60121293868	0.597882732931	349.8179918	3	nan	nan
-81.5793583989	-57.240774349	196	3.91707767817	3.91707767817	2.40114996995	173.7229829	9	nan	nan
-79.2429918882	-57.3117526358	200	2.92389223566	2.92389223566	2.38699564027	185.7796004	14	nan	nan
-75.750091211	-57.560388016	204	3.5123616273	3.5123616273	2.26990963119	215.8313349	9	nan	nan
-72.4784259988	-56.0786375667	208	2.84117858366	2.84117858366	2.54993602755	196.6968286	14	nan	nan
-67.9187584743	-54.5255714535	212	2.70914561573	2.70914561573	2.79084916583	235.1236113	13	nan	nan
-60.1337302539	-53.9504304425	216	2.35737429939	2.35737429939	2.72501084095	339.9795225	12	nan	nan
-56.9832115678	-52.8574424481	220	3.26460268515	3.26460268515	2.95694907892	249.6837786	9	nan	nan
-54.1595515046	-50.7928402509	224	4.19641994153	4.19641994153	3.33075738776	175.2019128	8	nan	nan
-45.2684541788	-49.9885210468	228	4.18143805248	4.18143805248	3.37563791877	176.4528009	8	nan	nan
-40.9216657182	-49.7419303453	232	4.41710127651	4.41710127651	3.41728767371	97.5254096	12	nan	nan
-37.7514223105	-49.1908383901	236	7.8247701505	7.8247701505	3.54995409966	74.27432013	6	nan	nan
-61.5285650661	-40.4693926726	244	7.2	3.6	102.09469813	21	1	200	228
-45.9763052628	-47.4156240426	248	60.7220408958	60.7220408958	3.93695443579	19.09270604	2	nan	nan
-31.4665314444	-50.2171871098	252	14.5379653614	14.5379653614	3.39639722787	297.2036621	2	nan	nan
-35.582774888	-51.4987823749	256	12.9618676083	12.9618676083	3.05708010387	373.3350346	2	nan	nan
-30.4270854272	-53.7422725698	260	12.7455392716	12.7455392716	2.62705541754	386.0441217	2	nan	nan
-25.7861581425	-52.8402619299	264	5	2.5	48.0563667612	20.5	1	251	299
-35.3829092695	-51.9708797642	268	7.87195168488	7.87195168488	2.95376287239	246.3067022	3	nan	nan
-35.3829092695	-51.9708797642	272	7.87195168488	7.87195168488	2.95376287239	246.3067022	3	nan	nan
-31.7189992441	-49.4678607211	276	7.03254587725	7.03254587725	3.5578300403	119.3386485	5	nan	nan
-28.0772603758	-44.3173267982	280	9.00044891734	9.00044891734	4.7461792898	73.22770588	5	nan	nan
-27.7403989089	-40.4612092557	284	7.929782035	7.929782035	5.56386762224	135.2195618	4	nan	nan
-30.1071423506	-41.9560137957	288	6.03046743463	6.03046743463	5.20294637778	101.1569494	7	nan	nan
-30.1797664985	-41.3025984949	292	7.16808683505	7.16808683505	5.33783596987	88.3249806	6	nan	nan
-33.2683592175	-41.5963142729	296	7.36718399575	7.36718399575	5.2236332723	68.09231118	7	nan	nan
-31.1985377756	-42.0741468503	300	8.80518947463	8.80518947463	5.15787712661	47.95255355	7	nan	nan
-27.9056409072	-39.8369499336	304	9.21065675734	9.21065675734	5.68875552901	69.96622869	5	nan	nan
-31.0712664214	-27.4859716281	308	6	3	85.7081061578	91	1	307	318
-31.0712664214	-27.4859716281	312	6	3	85.7081061578	91	1	307	318
-35.4923114558	-21.7574872209	316	12.6653771376	12.6653771376	8.87382963389	390.9197589	2	nan	nan
-35.3142188797	-22.7757274393	320	5.1828739934	5.1828739934	8.71256106059	566.8219759	3	nan	nan
-36.0523783334	-22.0522255692	324	12.8343717434	12.8343717434	8.81696266374	380.7474937	2	nan	nan
-15.7791429675	-18.246422097	328	7.7	4.5	76.7537570026	104	1	312	318
-21.4951177425	-16.8617172325	332	8.50884153131	8.50884153131	9.96309285312	210.9661353	3	nan	nan
-24.3200038058	-16.1099391991	336	11.914323214	11.914323214	9.99231195455	441.4868212	2	nan	nan
-31.4511912184	-13.7998957364	368	16.	16.	10.138091255	16	1	359	385
-31.4511912184	-13.7998957364	372	16.	16.	10.138091255	16	1	359	385
-40.5643281154	0.388935263765	396	11.39999962	5.9	278.243873372	16.39999962	1	359	444
-40.4661624196	0.39644616325	400	11.39999962	5.9	278.243873372	16.39999962	1	359	444
-40.3679942519	0.403925853495	404	11.39999962	5.9	278.243873372	16.39999962	1	359	444
-43.9454308647	5.54757287675	412	9	9	11.8222520452	13	1	415	415
-34.8335149665	-4.61686270622	416	63.0432944625	63.0432944625	11.1551062797	17.87753269	2	nan	nan
-25.4661204906	-14.6705260292	420	5.3	5.3	10.1448615505	1E3	1	420	420
-23.8532059666	-15.8604702406	424	8.24727076347	8.24727076347	10.0169719072	919.1040294	2	nan	nan
-22.2231980075	-17.0407660753	428	7.3	4.6	69.5956146003	18.4	1	423	428
